# | updateanalysis of atom-wise contributions (in kcal/mol)
#X            Y           Z         Edisp
C   108.606156    67.429427   89.585338   -0.039508
C   108.733620    66.732292   88.275976   0.019545 
N   109.696686    65.917165   87.966849   -0.088242
C   109.557712    65.408843   86.694221   0.035875 
C   110.598425    64.456779   86.207047   -0.006725
C   108.457072    65.844554   86.002668   0.047825 
C   107.994877    65.513095   84.624851   -0.010623
S   107.565745    66.939950   87.003452   -0.264357
#H   107.720068    67.094869   90.130071   -0.075651
#H   108.525272    68.510888   89.458619   -0.075703
#H   109.488513    67.207157   90.182944   -0.077265
#H   110.653035    63.586376   86.864890   -0.069786
#H   111.582179    64.931548   86.221841   -0.06984 
#H   110.398558    64.110902   85.194597   -0.0624  
#H   108.679988    64.809341   84.153903   -0.062679
#H   107.942594    66.401511   83.990296   -0.069289
#H   107.001498    65.057303   84.629436   -0.069346
