# | updateanalysis of atom-wise contributions (in kcal/mol)
#X            Y           Z         Edisp
C   108.606156    67.429427   89.585338   -0.089782
C   108.733620    66.732292   88.275976   -0.030729
N   109.696686    65.917165   87.966849   -0.12455 
C   109.557712    65.408843   86.694221   -0.014399
C   110.598425    64.456779   86.207047   -0.056999
C   108.457072    65.844554   86.002668   -0.002449
C   107.994877    65.513095   84.624851   -0.060897
S   107.565745    66.939950   87.003452   -0.606228
#H   107.720068    67.094869   90.130071   -0.07134 
#H   108.525272    68.510888   89.458619   -0.071392
#H   109.488513    67.207157   90.182944   -0.072954
#H   110.653035    63.586376   86.864890   -0.065475
#H   111.582179    64.931548   86.221841   -0.065529
#H   110.398558    64.110902   85.194597   -0.058089
#H   108.679988    64.809341   84.153903   -0.058368
#H   107.942594    66.401511   83.990296   -0.064978
#H   107.001498    65.057303   84.629436   -0.065035
