# | updateanalysis of atom-wise contributions (in kcal/mol)
#X            Y           Z         Edisp
C   108.606156    67.429427   89.585338   -0.076949
C   108.733620    66.732292   88.275976   -0.017896
N   109.696686    65.917165   87.966849   -0.081538
C   109.557712    65.408843   86.694221   -0.001566
C   110.598425    64.456779   86.207047   -0.044166
C   108.457072    65.844554   86.002668   0.010384 
C   107.994877    65.513095   84.624851   -0.048064
S   107.565745    66.939950   87.003452   -0.400229
#H   107.720068    67.094869   90.130071   -0.024614
#H   108.525272    68.510888   89.458619   -0.024666
#H   109.488513    67.207157   90.182944   -0.026228
#H   110.653035    63.586376   86.864890   -0.018749
#H   111.582179    64.931548   86.221841   -0.018803
#H   110.398558    64.110902   85.194597   -0.011363
#H   108.679988    64.809341   84.153903   -0.011642
#H   107.942594    66.401511   83.990296   -0.018252
#H   107.001498    65.057303   84.629436   -0.018309
